Freq=40000.000000
MaxMV=0.327670
NChan=9
Offset=0
ResolutionBits=16
Swap=0
